attention_head_size: 8
dropout: 0.2328434370945469
hidden_continuous_size: 8
hidden_size: 8
learning_rate: 0.004365158322401661
lstm_layers: 2
optimizer: adam
